0.186 0.9298419 0.0 9
0.186 0.9298419 0.0 9192.168.107.109
0.186 0.9298419 0.0 9192.168.107.109
0.186 0.9298419 0.0 9192.168.107.109
0.186 0.9298419 0.0 9192.168.107.109
0.186 0.9298419 0.0 9192.168.107.109
0.186 0.9298419 0.0 9192.168.107.109
0.186 0.9298419 0.0 9192.168.107.109
0.186 0.9298419 0.0 9192.168.107.109
0.186 0.9298419 0.0 9192.168.107.109
0.186 0.9298419 0.0 9192.168.107.109
0.186 0.9298419 0.0 9192.168.107.109
0.186 0.9298419 0.0 9192.168.107.109
0.186 0.9298419 0.0 9192.168.107.109
0.186 0.9298419 0.0 9192.168.107.109
0.186 0.9298419 0.0 9192.168.107.109
0.186 0.9298419 0.0 9192.168.107.109
0.186 0.9298419 0.0 9192.168.107.109
0.186 0.9298419 0.0 9192.168.107.109
0.186 0.9298419 0.0 9192.168.107.109
0.186 0.9298419 0.0 9192.168.107.109
0.186 0.9298419 0.0 9192.168.107.109
0.19 0.92212474 0.0 9
0.31 0.91994196 0.0 9
0.312 0.92635185 0.0 9
0.313 0.9256148 0.0 9
0.214 0.92576504 0.0 9
0.124 0.9303071 0.0 9
0.234 0.9403262 0.0 9
0.188 0.93733954 0.0 9
0.078 0.93734914 0.0 9
0.156 0.9349994 0.0 9
0.093 0.9348658 0.0 9
0.156 0.9328906 0.0 9
0.172 0.9332055 0.0 9
0.265 0.93117064 0.0 9
0.138 0.93121594 0.0 9
0.218 0.9296678 0.0 9
0.203 0.9297226 0.0 9
0.234 0.929193 0.0 9
0.218 0.9292813 0.0 9
0.156 0.92861336 0.0 9
0.203 0.9288686 0.0 9
0.156 0.92849886 0.0 9
0.187 0.92800504 0.0 9
0.277 0.92673594 0.0 9
0.156 0.92696494 0.0 9
0.248 0.9254883 0.0 9
0.28100002 0.92642105 0.0 9
0.28100002 0.9261038 0.0 9
0.157 0.92617536 0.0 9
0.203 0.9258271 0.0 9
0.264 0.9258557 0.0 9
0.266 0.92552173 0.0 9
0.187 0.92554796 0.0 9
0.245 0.9246319 0.0 9
0.406 0.9270413 0.0 9
0.172 0.9263113 0.0 9
0.311 0.92663336 0.0 9
0.141 0.92606086 0.0 9
0.125 0.928809 0.0 9
0.202 0.92826265 0.0 9
0.188 0.93897367 0.0 9
0.171 0.94068646 0.0 9
0.338 0.9406936 0.0 9
0.29700002 0.9390094 0.0 9
0.234 0.9393315 0.0 9
0.172 0.93668115 0.0 9
0.296 0.9367909 0.0 9
0.25 0.9349874 0.0 9
0.296 0.9350471 0.0 9
0.188 0.9337899 0.0 9
0.199 0.9338615 0.0 9
0.218 0.9325495 0.0 9
0.313 0.93264246 0.0 9
0.171 0.9312064 0.0 9
0.171 0.9312923 0.0 9
0.203 0.9306482 0.0 9
0.235 0.9306458 0.0 9
0.171 0.93051463 0.0 9
0.125 0.9305981 0.0 9
0.28 0.92990154 0.0 9
0.277 0.9406387 0.0 8
0.35900003 0.9412733 0.0 8
0.249 0.94149035 0.0 8
0.637 0.9400281 0.0 8
0.29700002 0.9400996 0.0 8
0.218 0.93940306 0.0 8
0.234 0.94022846 0.0 8
0.32700002 0.9382866 0.0 8
0.33900002 0.9384751 0.0 8
0.29700002 0.9365261 0.0 8
0.155 0.936643 0.0 8
0.265 0.9354025 0.0 8
0.313 0.93552417 0.0 8
0.218 0.9350733 0.0 8
0.203 0.935164 0.0 8
0.265 0.9338877 0.0 8
0.25 0.93619215 0.0 8
0.261 0.9352117 0.0 8
0.233 0.9352189 0.0 8
0.312 0.9340452 0.0 8
0.32799998 0.9340595 0.0 8
0.203 0.93349886 0.0 8
0.265 0.9335943 0.0 8
0.188 0.9333009 0.0 8
0.234 0.9345151 0.0 8
0.32700002 0.932819 0.0 8
0.32299998 0.9335943 0.0 8
0.156 0.9333319 0.0 8
0.437 0.94055766 0.0 8
0.28100002 0.94059104 0.0 8
0.203 0.94058627 0.0 8
0.265 0.94053376 0.0 8
0.187 0.94070315 0.0 8
0.187 0.939341 0.0 8
0.218 0.937862 0.0 8
0.169 0.9378095 0.0 8
0.187 0.93797886 0.0 8
0.124 0.9379622 0.0 8
0.235 0.9380004 0.0 8
0.172 0.9380242 0.0 8
0.218 0.9379145 0.0 8
0.23 0.93794787 0.0 8
0.125 0.938029 0.0 8
0.14 0.9378715 0.0 8
0.187 0.9379169 0.0 8
0.172 0.93847984 0.0 8
0.202 0.93925035 0.0 8
0.234 0.93906194 0.0 8
0.219 0.939081 0.0 8
0.11 0.9390643 0.0 8
0.153 0.9391001 0.0 8
0.156 0.93907624 0.0 8
0.187 0.93926233 0.0 8
0.125 0.93912154 0.0 8
0.203 0.93934816 0.0 8
0.141 0.93933624 0.0 8
0.14 0.9395557 0.0 8
0.234 0.94015926 0.0 8
0.28 0.9412948 0.0 8
0.262 0.9412709 0.0 8
0.32700002 0.9413663 0.0 8
0.157 0.94133294 0.0 8
0.32700002 0.94137824 0.0 8
0.265 0.9387566 0.0 8
0.156 0.9387709 0.0 8
0.313 0.93877804 0.0 8
